7 2 45

1 1 1 1 0 0 0

6 6 6 6 12 12 12

2 2 2 2 4 4 4

36 36 36 36 36 36 36

4 4 4 4 1 2 2

1 1 1 1 0 1 1
1 1 1 1 0 1 1
1 1 1 1 0 1 1
1 1 1 1 0 1 1
1 1 1 1 0 1 1
1 1 1 1 0 1 1
1 1 1 1 0 1 1
1 1 1 1 0 1 1
1 1 1 1 0 1 1
1 1 1 1 0 1 1
1 1 1 1 0 1 1
1 1 1 1 0 1 1
1 1 1 1 0 1 1
1 1 1 1 0 1 1
1 1 1 1 0 1 1
1 1 1 1 0 1 1
1 1 1 1 1 1 1
1 1 1 1 1 1 1
1 1 1 1 1 1 1
1 1 1 1 1 1 1
1 1 1 1 1 1 1
1 1 1 1 1 1 1
1 1 1 1 1 1 1
1 1 1 1 1 1 1
1 1 1 1 1 1 1
1 1 1 1 1 1 1
1 1 1 1 1 1 1
1 1 1 1 1 1 1
1 1 1 1 1 1 1
1 1 1 1 1 1 1
1 1 1 1 1 1 1
1 1 1 1 1 1 1
1 1 1 1 1 1 1
1 1 1 1 1 1 1
1 1 1 1 1 1 1
1 1 1 1 1 1 1
1 1 1 1 1 1 1
1 1 1 1 1 1 1
1 1 1 1 1 1 1
1 1 1 1 1 1 1
1 1 1 1 1 1 1
1 1 1 1 1 1 1
1 1 1 1 1 1 1
1 1 1 1 1 1 1
1 1 1 1 1 1 1

1 0

0 0
0 0
0 0
0 0
2 2
0 0
0 0

900 900 1500 4500 5500 5500 5500

9 7

1.37  1.37  1.37  1.09  0.82  0.82  0.82
1.37  1.37  1.37  1.09  0.82  0.82  0.82
1.37  1.37  1.37  1.09  0.82  0.82  0.82
1.37  1.37  1.37  1.09  0.82  0.82  0.82
1.37  1.37  1.37  1.09  0.82  0.82  0.82
1.37  1.37  1.37  1.09  0.82  0.82  0.82
1.37  1.37  1.37  1.09  0.82  0.82  0.82
1.37  1.37  1.37  1.09  0.82  0.82  0.82
1.37  1.37  1.37  1.09  0.82  0.82  0.82
1.37  1.37  1.37  1.09  0.82  0.82  0.82
1.37  1.37  1.37  1.09  0.82  0.82  0.82
1.37  1.37  1.37  1.09  0.82  0.82  0.82
1.37  1.37  1.37  1.09  0.82  0.82  0.82
1.37  1.37  1.37  1.09  0.82  0.82  0.82
1.37  1.37  1.37  1.09  0.82  0.82  0.82
1.37  1.37  1.37  1.09  0.82  0.82  0.82
1.37  1.37  1.37  1.09  0.82  0.82  0.82
1.37  1.37  1.37  1.09  0.82  0.82  0.82
1.37  1.37  1.37  1.09  0.82  0.82  0.82
1.37  1.37  1.37  1.09  0.82  0.82  0.82
1.37  1.37  1.37  1.09  0.82  0.82  0.82
1.37  1.37  1.37  1.09  0.82  0.82  0.82
1.37  1.37  1.37  1.09  0.82  0.82  0.82
1.37  1.37  1.37  1.09  0.82  0.82  0.82
1.30  1.30  1.30  1.04  0.78  0.78  0.78
1.30  1.30  1.30  1.04  0.78  0.78  0.78
1.30  1.30  1.30  1.04  0.78  0.78  0.78
1.30  1.30  1.30  1.04  0.78  0.78  0.78
1.30  1.30  1.30  1.04  0.78  0.78  0.78
1.30  1.30  1.30  1.04  0.78  0.78  0.78
1.30  1.30  1.30  1.04  0.78  0.78  0.78
1.30  1.30  1.30  1.04  0.78  0.78  0.78
1.30  1.30  1.30  1.04  0.78  0.78  0.78
1.37  1.37  1.37  1.09  0.82  0.82  0.82
1.37  1.37  1.37  1.09  0.82  0.82  0.82
1.37  1.37  1.37  1.09  0.82  0.82  0.82
1.37  1.37  1.37  1.09  0.82  0.82  0.82
1.37  1.37  1.37  1.09  0.82  0.82  0.82
1.37  1.37  1.37  1.09  0.82  0.82  0.82
1.37  1.37  1.37  1.09  0.82  0.82  0.82
1.37  1.37  1.37  1.09  0.82  0.82  0.82
1.37  1.37  1.37  1.09  0.82  0.82  0.82
1.37  1.37  1.37  1.09  0.82  0.82  0.82
1.37  1.37  1.37  1.09  0.82  0.82  0.82
1.37  1.37  1.37  1.09  0.82  0.82  0.82

1.62  1.62  1.62  1.29  0.97  0.97  0.97
1.62  1.62  1.62  1.29  0.97  0.97  0.97
1.62  1.62  1.62  1.29  0.97  0.97  0.97
1.62  1.62  1.62  1.29  0.97  0.97  0.97
1.62  1.62  1.62  1.29  0.97  0.97  0.97
1.62  1.62  1.62  1.29  0.97  0.97  0.97
1.62  1.62  1.62  1.29  0.97  0.97  0.97
1.62  1.62  1.62  1.29  0.97  0.97  0.97
1.62  1.62  1.62  1.29  0.97  0.97  0.97
1.62  1.62  1.62  1.29  0.97  0.97  0.97
1.62  1.62  1.62  1.29  0.97  0.97  0.97
1.62  1.62  1.62  1.29  0.97  0.97  0.97
1.62  1.62  1.62  1.29  0.97  0.97  0.97
1.62  1.62  1.62  1.29  0.97  0.97  0.97
1.62  1.62  1.62  1.29  0.97  0.97  0.97
1.62  1.62  1.62  1.29  0.97  0.97  0.97
1.62  1.62  1.62  1.29  0.97  0.97  0.97
1.62  1.62  1.62  1.29  0.97  0.97  0.97
1.62  1.62  1.62  1.29  0.97  0.97  0.97
1.62  1.62  1.62  1.29  0.97  0.97  0.97
1.62  1.62  1.62  1.29  0.97  0.97  0.97
1.62  1.62  1.62  1.29  0.97  0.97  0.97
1.62  1.62  1.62  1.29  0.97  0.97  0.97
1.62  1.62  1.62  1.29  0.97  0.97  0.97
1.54  1.54  1.54  1.23  0.92  0.92  0.92
1.54  1.54  1.54  1.23  0.92  0.92  0.92
1.54  1.54  1.54  1.23  0.92  0.92  0.92
1.54  1.54  1.54  1.23  0.92  0.92  0.92
1.54  1.54  1.54  1.23  0.92  0.92  0.92
1.54  1.54  1.54  1.23  0.92  0.92  0.92
1.54  1.54  1.54  1.23  0.92  0.92  0.92
1.54  1.54  1.54  1.23  0.92  0.92  0.92
1.54  1.54  1.54  1.23  0.92  0.92  0.92
1.62  1.62  1.62  1.29  0.97  0.97  0.97
1.62  1.62  1.62  1.29  0.97  0.97  0.97
1.62  1.62  1.62  1.29  0.97  0.97  0.97
1.62  1.62  1.62  1.29  0.97  0.97  0.97
1.62  1.62  1.62  1.29  0.97  0.97  0.97
1.62  1.62  1.62  1.29  0.97  0.97  0.97
1.62  1.62  1.62  1.29  0.97  0.97  0.97
1.62  1.62  1.62  1.29  0.97  0.97  0.97
1.62  1.62  1.62  1.29  0.97  0.97  0.97
1.62  1.62  1.62  1.29  0.97  0.97  0.97
1.62  1.62  1.62  1.29  0.97  0.97  0.97
1.62  1.62  1.62  1.29  0.97  0.97  0.97

0.22  0.41  0.15  0.07  0.28  0.11  0.11
0.22  0.41  0.15  0.07  0.28  0.11  0.11
0.22  0.41  0.15  0.07  0.28  0.11  0.11
0.22  0.41  0.15  0.07  0.28  0.11  0.11
0.22  0.41  0.15  0.07  0.28  0.11  0.11
0.22  0.41  0.15  0.07  0.28  0.11  0.11
0.22  0.41  0.15  0.07  0.28  0.11  0.11
0.22  0.41  0.15  0.07  0.28  0.11  0.11
0.22  0.41  0.15  0.07  0.28  0.11  0.11
0.22  0.41  0.15  0.07  0.28  0.11  0.11
0.22  0.41  0.15  0.07  0.28  0.11  0.11
0.22  0.41  0.15  0.07  0.28  0.11  0.11
0.22  0.41  0.15  0.07  0.28  0.11  0.11
0.22  0.41  0.15  0.07  0.28  0.11  0.11
0.22  0.41  0.15  0.07  0.28  0.11  0.11
0.22  0.41  0.15  0.07  0.28  0.11  0.11
0.22  0.41  0.15  0.07  0.28  0.11  0.11
0.22  0.41  0.15  0.07  0.28  0.11  0.11
0.22  0.41  0.15  0.07  0.28  0.11  0.11
0.22  0.41  0.15  0.07  0.28  0.11  0.11
0.22  0.41  0.15  0.07  0.28  0.11  0.11
0.22  0.41  0.15  0.07  0.28  0.11  0.11
0.22  0.41  0.15  0.07  0.28  0.11  0.11
0.22  0.41  0.15  0.07  0.28  0.11  0.11
0.21  0.39  0.14  0.06  0.26  0.11  0.10
0.21  0.39  0.14  0.06  0.26  0.11  0.10
0.21  0.39  0.14  0.06  0.26  0.11  0.10
0.21  0.39  0.14  0.06  0.26  0.11  0.10
0.21  0.39  0.14  0.06  0.26  0.11  0.10
0.21  0.39  0.14  0.06  0.26  0.11  0.10
0.21  0.39  0.14  0.06  0.26  0.11  0.10
0.21  0.39  0.14  0.06  0.26  0.11  0.10
0.21  0.39  0.14  0.06  0.26  0.11  0.10
0.22  0.41  0.15  0.07  0.28  0.11  0.11
0.22  0.41  0.15  0.07  0.28  0.11  0.11
0.22  0.41  0.15  0.07  0.28  0.11  0.11
0.22  0.41  0.15  0.07  0.28  0.11  0.11
0.22  0.41  0.15  0.07  0.28  0.11  0.11
0.22  0.41  0.15  0.07  0.28  0.11  0.11
0.22  0.41  0.15  0.07  0.28  0.11  0.11
0.22  0.41  0.15  0.07  0.28  0.11  0.11
0.22  0.41  0.15  0.07  0.28  0.11  0.11
0.22  0.41  0.15  0.07  0.28  0.11  0.11
0.22  0.41  0.15  0.07  0.28  0.11  0.11
0.22  0.41  0.15  0.07  0.28  0.11  0.11

0.23  0.47  0.24  0.08  0.36  0.18  0.22
0.23  0.47  0.24  0.08  0.36  0.18  0.22
0.23  0.47  0.24  0.08  0.36  0.18  0.22
0.23  0.47  0.24  0.08  0.36  0.18  0.22
0.23  0.47  0.24  0.08  0.36  0.18  0.22
0.23  0.47  0.24  0.08  0.36  0.18  0.22
0.23  0.47  0.24  0.08  0.36  0.18  0.22
0.23  0.47  0.24  0.08  0.36  0.18  0.22
0.23  0.47  0.24  0.08  0.36  0.18  0.22
0.23  0.47  0.24  0.08  0.36  0.18  0.22
0.23  0.47  0.24  0.08  0.36  0.18  0.22
0.23  0.47  0.24  0.08  0.36  0.18  0.22
0.23  0.47  0.24  0.08  0.36  0.18  0.22
0.23  0.47  0.24  0.08  0.36  0.18  0.22
0.23  0.47  0.24  0.08  0.36  0.18  0.22
0.23  0.47  0.24  0.08  0.36  0.18  0.22
0.23  0.47  0.24  0.08  0.36  0.18  0.22
0.23  0.47  0.24  0.08  0.36  0.18  0.22
0.23  0.47  0.24  0.08  0.36  0.18  0.22
0.23  0.47  0.24  0.08  0.36  0.18  0.22
0.23  0.47  0.24  0.08  0.36  0.18  0.22
0.23  0.47  0.24  0.08  0.36  0.18  0.22
0.23  0.47  0.24  0.08  0.36  0.18  0.22
0.23  0.47  0.24  0.08  0.36  0.18  0.22
0.22  0.45  0.23  0.07  0.34  0.18  0.21
0.22  0.45  0.23  0.07  0.34  0.18  0.21
0.22  0.45  0.23  0.07  0.34  0.18  0.21
0.22  0.45  0.23  0.07  0.34  0.18  0.21
0.22  0.45  0.23  0.07  0.34  0.18  0.21
0.22  0.45  0.23  0.07  0.34  0.18  0.21
0.22  0.45  0.23  0.07  0.34  0.18  0.21
0.22  0.45  0.23  0.07  0.34  0.18  0.21
0.22  0.45  0.23  0.07  0.34  0.18  0.21
0.23  0.47  0.24  0.08  0.36  0.18  0.22
0.23  0.47  0.24  0.08  0.36  0.18  0.22
0.23  0.47  0.24  0.08  0.36  0.18  0.22
0.23  0.47  0.24  0.08  0.36  0.18  0.22
0.23  0.47  0.24  0.08  0.36  0.18  0.22
0.23  0.47  0.24  0.08  0.36  0.18  0.22
0.23  0.47  0.24  0.08  0.36  0.18  0.22
0.23  0.47  0.24  0.08  0.36  0.18  0.22
0.23  0.47  0.24  0.08  0.36  0.18  0.22
0.23  0.47  0.24  0.08  0.36  0.18  0.22
0.23  0.47  0.24  0.08  0.36  0.18  0.22
0.23  0.47  0.24  0.08  0.36  0.18  0.22

314.56    169.38
1258.23   677.51
1258.23   677.51
1258.23   677.51
1258.23   677.51
1258.23   677.51
1258.23   677.51
1258.23   677.51
1258.23   677.51
1258.23   677.51
1258.23   677.51
1258.23   677.51
1258.23   677.51
1258.23   677.51
1258.23   677.51
1258.23   677.51
1258.23   677.51
1258.23   677.51
559.21    301.11
559.21    301.11
559.21    301.11
559.21    301.11
559.21    301.11
559.21    301.11
559.21    301.11
559.21    301.11
559.21    301.11
559.21    301.11
559.21    301.11
559.21    301.11
559.21    301.11
559.21    301.11
559.21    301.11
559.21    301.11
559.21    301.11
559.21    301.11
559.21    301.11
559.21    301.11
559.21    301.11
559.21    301.11
559.21    301.11
559.21    301.11
559.21    301.11
559.21    301.11
139.80    75.28

10000000
100
0.0001
